loaded weights in 20892.16 ms, 4.26 GB loaded at 0.20 GB/s
loaded weights in 7571.28 ms, 5.71 GB loaded at 0.75 GB/s
got CLIP context (1, 77, 768)
got unconditional CLIP context (1, 77, 768)
running for [1, 101, 201, 301, 401, 501, 601, 701, 801, 901] timesteps
latent:  0.0
latent:  0.0
latent:  0.0
[[[[-1.0063351  -1.4703627  -1.3151292  ... -0.45859528 -0.35946032
    -1.0528857 ]
   [-0.8465328   0.3415535  -0.25349784 ...  0.14970973  0.4078418
     0.8501119 ]
   [-0.33002356 -1.1447555   2.4917212  ... -0.31410646  0.54428333
     1.4708227 ]
   ...
   [-0.4344943  -0.61914754 -1.503668   ... -1.0729107   0.44077587
     0.91390944]
   [-1.6425058  -1.1063796  -1.4161422  ...  1.7059815  -0.17618796
    -0.43125418]
   [ 0.612571    0.16128905 -0.32206005 ...  0.9367534  -0.8772664
    -0.863726  ]]

  [[ 1.8449091   0.8296829   2.1536133  ...  0.3045194  -1.0712963
    -1.2907412 ]
   [ 0.9562069   0.69774586 -1.0721698  ...  1.1572541  -0.02277088
     1.2021071 ]
   [-0.8595431   1.7870969   0.36147162 ... -1.8288631   0.3234303
    -1.273552  ]
   ...
   [-0.331091   -0.73472935 -0.1050787  ...  2.1629927  -0.08224322
     2.164459  ]
   [-0.4870647  -0.27758044  0.63780594 ... -1.1878932   0.62213063
     0.481674  ]
   [-0.5713667  -0.7405517  -0.7439964  ... -0.17617717  0.65699106
     2.1465964 ]]

  [[ 0.43665     0.19291766  1.5699031  ...  1.1480656   2.7211182
    -0.8601401 ]
   [ 0.4060237  -0.8806267  -0.8124507  ...  0.5040915  -1.4827802
     1.1880654 ]
   [-0.66661507 -0.66881746  0.8490772  ...  0.09353803 -0.9673307
    -0.8743976 ]
   ...
   [ 0.00837301 -0.941809    0.5356464  ...  0.50519836 -0.6644691
    -1.050233  ]
   [ 0.39437237 -0.16924296  0.75526536 ...  1.59186    -1.1335284
     0.02214267]
   [-0.7328309  -0.43398404 -0.16469808 ...  2.367294    0.47070175
    -0.43338197]]

  [[-1.0097678  -0.07363266  1.3743637  ...  0.13560306 -2.2931883
    -2.510033  ]
   [ 0.07304607  0.7505613  -0.5799077  ... -0.99897397  1.2117764
    -1.2287029 ]
   [-0.1774999   0.18094082 -1.4371493  ...  0.88897204 -0.68390274
     0.53799856]
   ...
   [ 0.56025386 -1.7509861   0.31458104 ... -3.0495741   1.0641657
     0.43265498]
   [ 0.43412766  0.32418633  1.0096656  ...  0.38281193 -2.3746529
     1.5262536 ]
   [ 1.0462373  -0.25355807  0.01540529 ...  1.003129    0.86705786
     0.1571459 ]]]]
step in 42798.94 ms, using 5.71 GB
latent:  0.0
latent:  0.0
latent:  0.0
[[[[-0.9742269  -1.4237827  -1.2634834  ... -0.44460216 -0.35225406
    -1.0437559 ]
   [-0.8084162   0.3548023  -0.22958495 ...  0.1552763   0.41367123
     0.8568518 ]
   [-0.30634627 -1.0999402   2.465072   ... -0.28846613  0.54082406
     1.4603865 ]
   ...
   [-0.4334936  -0.62470543 -1.4754428  ... -1.094101    0.40490344
     0.8688209 ]
   [-1.6323764  -1.0950904  -1.3855039  ...  1.6337826  -0.21989691
    -0.44719332]
   [ 0.61393666  0.13652307 -0.33083892 ...  0.87224877 -0.9095515
    -0.8917986 ]]

  [[ 1.8260337   0.84422106  2.134665   ...  0.30425254 -1.0417093
    -1.2836008 ]
   [ 0.94579303  0.69969255 -1.0327507  ...  1.1369495  -0.02095469
     1.1828089 ]
   [-0.8321899   1.7679601   0.37531382 ... -1.7811651   0.32265958
    -1.2359283 ]
   ...
   [-0.34812957 -0.7381048  -0.12407207 ...  2.0526     -0.13502058
     2.0672214 ]
   [-0.49099287 -0.28720957  0.6150602  ... -1.2396417   0.5675987
     0.42312482]
   [-0.5643075  -0.7415091  -0.74439615 ... -0.2312962   0.60251886
     2.0550227 ]]

  [[ 0.38580287  0.16198972  1.527471   ...  1.0987631   2.6353295
    -0.8931558 ]
   [ 0.37952307 -0.87043965 -0.81309724 ...  0.4771848  -1.4671203
     1.1481452 ]
   [-0.6799008  -0.6689393   0.8257218  ...  0.07074652 -0.9694332
    -0.88637   ]
   ...
   [-0.02631837 -0.9580663   0.49586618 ...  0.5241676  -0.6223936
    -1.0185636 ]
   [ 0.34937218 -0.19264494  0.7242761  ...  1.6040143  -1.1230264
     0.02609515]
   [-0.7378991  -0.45239297 -0.1751096  ...  2.40928     0.51421994
    -0.39861682]]

  [[-0.9919556  -0.06104955  1.3654896  ...  0.13117626 -2.2573133
    -2.501925  ]
   [ 0.0857325   0.7541513  -0.56315833 ... -0.9788488   1.1892586
    -1.1850497 ]
   [-0.16543779  0.19587499 -1.3835281  ...  0.8689605  -0.6873395
     0.5316732 ]
   ...
   [ 0.5566521  -1.703563    0.31930012 ... -2.9531286   1.073774
     0.46315375]
   [ 0.43505833  0.33831477  1.0167128  ...  0.41556698 -2.317041
     1.5276182 ]
   [ 1.0789633  -0.22498612  0.03528335 ...  1.0292795   0.89715195
     0.19462726]]]]
step in 46282.39 ms, using 9.80 GB
latent:  0.0
latent:  0.0
latent:  0.0
[[[[-0.88154984 -1.3253715  -1.1648368  ... -0.41156867 -0.33039653
    -1.0149393 ]
   [-0.7216914   0.38825613 -0.18186717 ...  0.16216207  0.42167997
     0.8468283 ]
   [-0.23817506 -1.0117686   2.4213073  ... -0.2503176   0.53215694
     1.4277741 ]
   ...
   [-0.41479695 -0.61789536 -1.4215432  ... -1.0838249   0.37484905
     0.8214119 ]
   [-1.57691    -1.0576233  -1.3272704  ...  1.5496526  -0.25423777
    -0.44045943]
   [ 0.6195828   0.11707384 -0.33002457 ...  0.8210038  -0.8905946
    -0.87248063]]

  [[ 1.8028961   0.86852187  2.09866    ...  0.30497912 -0.9929708
    -1.2331482 ]
   [ 0.9355      0.703103   -0.964608   ...  1.0961846  -0.02241404
     1.144872  ]
   [-0.775832    1.7313774   0.3909263  ... -1.7061011   0.30896184
    -1.1773797 ]
   ...
   [-0.35482696 -0.727313   -0.14125551 ...  1.9292932  -0.1695321
     1.9680623 ]
   [-0.4829426  -0.28819898  0.58343285 ... -1.2417184   0.523774
     0.39300105]
   [-0.5436434  -0.72559273 -0.7297914  ... -0.2514654   0.5514032
     1.9667151 ]]

  [[ 0.33242735  0.12711638  1.4582775  ...  1.0289906   2.5022838
    -0.9018218 ]
   [ 0.35699207 -0.8407085  -0.7991344  ...  0.44495857 -1.423313
     1.0993459 ]
   [-0.6708278  -0.6514078   0.79399973 ...  0.04379898 -0.9577283
    -0.8748307 ]
   ...
   [-0.06193043 -0.96356577  0.43817407 ...  0.5508101  -0.5579775
    -0.9695426 ]
   [ 0.29757723 -0.21614243  0.67604357 ...  1.6081423  -1.0878861
     0.01623216]
   [-0.72915524 -0.47459552 -0.19306149 ...  2.42728     0.55174214
    -0.36048636]]

  [[-0.9595037  -0.0556372   1.3262854  ...  0.12323965 -2.1805422
    -2.448998  ]
   [ 0.08857146  0.734308   -0.54626554 ... -0.9418374   1.1468276
    -1.1277056 ]
   [-0.15583126  0.20039257 -1.3062364  ...  0.8313696  -0.67947847
     0.51202846]
   ...
   [ 0.5349592  -1.6411734   0.3063274  ... -2.8294928   1.0444448
     0.4596709 ]
   [ 0.4213478   0.33546993  0.9987591  ...  0.42488304 -2.2439978
     1.4753363 ]
   [ 1.0812491  -0.2019496   0.04581546 ...  1.0271944   0.8982111
     0.20684211]]]]
step in 48902.58 ms, using 9.80 GB
latent:  0.0
latent:  0.0
latent:  5.172722
[[[[-0.7597722  -1.1871563  -1.026605   ... -0.37356696 -0.31314555
    -0.9773678 ]
   [-0.61065507  0.42405552 -0.12311378 ...  0.15196267  0.4178294
     0.80386156]
   [-0.1546444  -0.8969259   2.3349     ... -0.21014598  0.49610913
     1.3539298 ]
   ...
   [-0.3770513  -0.59281164 -1.3252919  ... -1.0660881   0.3422516
     0.75335705]
   [-1.4730995  -0.98167455 -1.2243458  ...  1.43994    -0.3087244
    -0.4274971 ]
   [ 0.6106742   0.0980376  -0.31783062 ...  0.761657   -0.8600521
    -0.84027964]]

  [[ 1.735591    0.86938685  2.014904   ...  0.27491826 -0.950598
    -1.1662512 ]
   [ 0.9011394   0.68606937 -0.87819165 ...  1.0092613  -0.05011484
     1.0599998 ]
   [-0.7047425   1.6537026   0.3952376  ... -1.6173592   0.26407275
    -1.1149179 ]
   ...
   [-0.36308816 -0.7089802  -0.16208671 ...  1.7670488  -0.20873085
     1.840028  ]
   [-0.47445807 -0.2915024   0.53477    ... -1.2343467   0.45702252
     0.37532052]
   [-0.5243091  -0.7024084  -0.70737743 ... -0.26831833  0.46426874
     1.8506777 ]]

  [[ 0.27456135  0.09654615  1.3690884  ...  0.9461583   2.3292184
    -0.8853093 ]
   [ 0.33789685 -0.78167945 -0.76643133 ...  0.41866386 -1.3348947
     1.0510342 ]
   [-0.64157677 -0.6090509   0.75124264 ...  0.02399612 -0.91086525
    -0.83050114]
   ...
   [-0.09478836 -0.94735634  0.37068343 ...  0.592867   -0.4005719
    -0.83903825]
   [ 0.24246176 -0.23169824  0.6188798  ...  1.6306313  -0.9613268
     0.07552329]
   [-0.6976584  -0.48131728 -0.20860295 ...  2.441473    0.67013204
    -0.23928455]]

  [[-0.90346247 -0.04810748  1.2608075  ...  0.11382424 -2.0546546
    -2.3372433 ]
   [ 0.09129097  0.69926417 -0.5192774  ... -0.8818256   1.0870396
    -1.0384418 ]
   [-0.14172633  0.20185654 -1.1859292  ...  0.77645236 -0.6575857
     0.48660594]
   ...
   [ 0.49963048 -1.5450354   0.28575602 ... -2.6555426   1.0003443
     0.44928524]
   [ 0.3995687   0.32869855  0.9636559  ...  0.42716697 -2.141371
     1.3968112 ]
   [ 1.0559374  -0.17705399  0.05365305 ...  1.0118188   0.88696
     0.21592985]]]]
step in 48707.50 ms, using 9.80 GB
latent:  0.0
latent:  0.0
[[[[-0.62950486 -1.0164912  -0.85385865 ... -0.31402072 -0.29004908
    -0.91300106]
   [-0.48660558  0.4549653  -0.05857382 ...  0.13909695  0.41401118
     0.7524752 ]
   [-0.08103701 -0.76643664  2.195412   ... -0.15968668  0.44824192
     1.2518198 ]
   ...
   [-0.32837784 -0.56324786 -1.1949708  ... -1.0119803   0.29636297
     0.67570657]
   [-1.3233024  -0.8762021  -1.0831083  ...  1.3005272  -0.34561804
    -0.40045142]
   [ 0.58971965  0.08490282 -0.2917345  ...  0.68765765 -0.7903849
    -0.76244676]]

  [[ 1.6081448   0.8405428   1.872351   ...  0.23343745 -0.90269303
    -1.06762   ]
   [ 0.8502293   0.6556235  -0.7676195  ...  0.88994986 -0.08191408
     0.9468138 ]
   [-0.6106352   1.5396638   0.39049217 ... -1.4968389   0.200334
    -1.0286674 ]
   ...
   [-0.36667758 -0.66632813 -0.16733758 ...  1.5485352  -0.23574184
     1.6863971 ]
   [-0.45139682 -0.27875435  0.48763883 ... -1.2002319   0.38026822
     0.36973378]
   [-0.49129477 -0.6584411  -0.6591307  ... -0.29059476  0.3741015
     1.6964467 ]]

  [[ 0.1973815   0.0733467   1.2577703  ...  0.84638137  2.1073499
    -0.8645635 ]
   [ 0.31791428 -0.7001867  -0.7150608  ...  0.38195443 -1.2052637
     0.9789528 ]
   [-0.60509497 -0.5506206   0.6940031  ...  0.02011972 -0.8305286
    -0.7622931 ]
   ...
   [-0.13742429 -0.92899853  0.28151524 ...  0.60046697 -0.27826887
    -0.71995693]
   [ 0.16939203 -0.25926057  0.54384553 ...  1.5892193  -0.8570696
     0.08170356]
   [-0.649114   -0.49378085 -0.24146163 ...  2.3944132   0.73986924
    -0.15335819]]

  [[-0.83137006 -0.03573384  1.1702429  ...  0.10339788 -1.8855788
    -2.1732419 ]
   [ 0.0946085   0.6466003  -0.48055717 ... -0.8056604   0.99047714
    -0.91576517]
   [-0.13811897  0.19336961 -1.0251195  ...  0.69589907 -0.63032675
     0.43735722]
   ...
   [ 0.44528523 -1.421332    0.25947067 ... -2.4083588   0.91910183
     0.4343322 ]
   [ 0.3636162   0.31405088  0.9125382  ...  0.42104456 -1.9848094
     1.278684  ]
   [ 1.0041536  -0.15320492  0.05777502 ...  0.98666483  0.8382566
     0.22286282]]]]
step in 43321.73 ms, using 9.80 GB
latent:  0.0
latent:  0.0
latent:  0.0
[[[[-0.48271376 -0.8160772  -0.6596442  ... -0.2336748  -0.26762104
    -0.8262747 ]
   [-0.34991142  0.4808916   0.01570551 ...  0.11816861  0.40915525
     0.6781291 ]
   [-0.00376029 -0.619629    2.0084753  ... -0.10115984  0.38546708
     1.1221609 ]
   ...
   [-0.2666484  -0.52499443 -1.0282393  ... -0.9587561   0.24307133
     0.58778924]
   [-1.1330158  -0.7394533  -0.9048033  ...  1.1263497  -0.3888587
    -0.35271233]
   [ 0.5519539   0.07720173 -0.25283614 ...  0.5864346  -0.6941868
    -0.65535676]]

  [[ 1.4256445   0.78566533  1.6742854  ...  0.1824283  -0.8433309
    -0.9462198 ]
   [ 0.7811864   0.60897785 -0.6467059  ...  0.7443241  -0.11340012
     0.7947878 ]
   [-0.5039951   1.3893796   0.36990866 ... -1.3486806   0.1307569
    -0.9272584 ]
   ...
   [-0.3625766  -0.60171396 -0.16178204 ...  1.2881165  -0.25274053
     1.4839995 ]
   [-0.41280794 -0.25319487  0.4379634  ... -1.1454997   0.2913069
     0.35261503]
   [-0.4442316  -0.5964877  -0.59192413 ... -0.3074508   0.27152598
     1.489146  ]]

  [[ 0.12225412  0.05263809  1.1221986  ...  0.72951114  1.8362335
    -0.829753  ]
   [ 0.29896522 -0.6009752  -0.64635044 ...  0.33730617 -1.0471909
     0.8849876 ]
   [-0.5468209  -0.48070472  0.61896425 ...  0.02336637 -0.7287532
    -0.67057234]
   ...
   [-0.1749666  -0.8967853   0.17453223 ...  0.5917648  -0.166472
    -0.59960675]
   [ 0.08664342 -0.28814095  0.46030402 ...  1.5016757  -0.753778
     0.05950554]
   [-0.5756032  -0.49774292 -0.28407982 ...  2.2912626   0.7804191
    -0.08796805]]

  [[-0.7238441  -0.01309244  1.0555007  ...  0.10462029 -1.6595341
    -1.9429672 ]
   [ 0.1030978   0.58156896 -0.42428342 ... -0.7065866   0.8670386
    -0.75925547]
   [-0.13074312  0.18009798 -0.8190203  ...  0.592868   -0.5887726
     0.37752783]
   ...
   [ 0.38011435 -1.2670796   0.22703156 ... -2.0997827   0.82342046
     0.41207257]
   [ 0.31263903  0.2980033   0.8449008  ...  0.41710427 -1.7740641
     1.1293681 ]
   [ 0.92941225 -0.12838466  0.05717834 ...  0.95700973  0.77654153
     0.2242166 ]]]]
step in 47258.84 ms, using 9.80 GB
latent:  0.0
latent:  0.0
latent:  0.0
[[[[-0.3295642  -0.6105702  -0.46006802 ... -0.1501065  -0.24636787
    -0.73673576]
   [-0.20443566  0.4969638   0.09774873 ...  0.08759367  0.40253726
     0.5750515 ]
   [ 0.0840037  -0.46297228  1.7828856  ... -0.03506099  0.3041138
     0.9633017 ]
   ...
   [-0.19653839 -0.48737478 -0.83627796 ... -0.9332408   0.18289845
     0.48815122]
   [-0.9236697  -0.5862841  -0.70594656 ...  0.9366787  -0.45650938
    -0.29320312]
   [ 0.49973115  0.05764496 -0.21382006 ...  0.48339492 -0.5780397
    -0.5254217 ]]

  [[ 1.2360092   0.7299895   1.453406   ...  0.1298503  -0.76311123
    -0.7976617 ]
   [ 0.695269    0.54861695 -0.52172995 ...  0.59107983 -0.13652572
     0.61085796]
   [-0.39445028  1.2042345   0.32790548 ... -1.1789074   0.06530056
    -0.8153895 ]
   ...
   [-0.35208124 -0.52267224 -0.15737459 ...  0.9872558  -0.27774104
     1.246303  ]
   [-0.3646797  -0.21826231  0.38450292 ... -1.1026301   0.18271075
     0.3391776 ]
   [-0.38562357 -0.5211541  -0.52080995 ... -0.32170084  0.15194151
     1.2509959 ]]

  [[ 0.05315626  0.02641924  0.9578021  ...  0.599756    1.5248258
    -0.7690298 ]
   [ 0.276489   -0.48368832 -0.55431956 ...  0.29044443 -0.8623654
     0.7791832 ]
   [-0.4656687  -0.39765736  0.5256349  ...  0.02960254 -0.6151545
    -0.56430227]
   ...
   [-0.20749617 -0.8483296   0.05192579 ...  0.5735345  -0.02668355
    -0.45505676]
   [-0.00548586 -0.3191604   0.37759024 ...  1.3962209  -0.6202443
     0.03314774]
   [-0.4828737  -0.49373916 -0.33633918 ...  2.1427202   0.8165264
    -0.01409244]]

  [[-0.5786946   0.01052964  0.9125975  ...  0.11194268 -1.3750917
    -1.6576546 ]
   [ 0.10725471  0.49709976 -0.35227633 ... -0.583372    0.72365123
    -0.579614  ]
   [-0.11815902  0.15805155 -0.5720488  ...  0.46824747 -0.54104304
     0.30619398]
   ...
   [ 0.31157008 -1.0834824   0.18786916 ... -1.7613639   0.733673
     0.38586026]
   [ 0.24475996  0.2835474   0.76423    ...  0.4168883  -1.5360042
     0.95784986]
   [ 0.8435991  -0.10500097  0.05308794 ...  0.9251162   0.7128753
     0.22725585]]]]
step in 51193.90 ms, using 9.80 GB
latent:  0.0
latent:  0.0
latent:  0.0
[[[[-0.18599193 -0.4146906  -0.26149222 ... -0.0650614  -0.23410942
    -0.65815365]
   [-0.05961877  0.505199    0.18053567 ...  0.04298324  0.394081
     0.44447994]
   [ 0.17278172 -0.31323826  1.5143069  ...  0.04261337  0.20311332
     0.78122723]
   ...
   [-0.11006655 -0.45449525 -0.6173964  ... -0.9197958   0.12269995
     0.37582093]
   [-0.7026768  -0.4171154  -0.48582524 ...  0.73263997 -0.530968
    -0.22526559]
   [ 0.44342119  0.0239296  -0.1792002  ...  0.39586243 -0.43880874
    -0.38154602]]

  [[ 1.0468259   0.67369777  1.2121491  ...  0.08581706 -0.6673267
    -0.63318986]
   [ 0.6016296   0.4821864  -0.39004904 ...  0.43875322 -0.14394644
     0.40195316]
   [-0.28535265  0.9950439   0.27093676 ... -0.9861448   0.0098499
    -0.686879  ]
   ...
   [-0.3315745  -0.42882007 -0.16106763 ...  0.6712444  -0.28732783
     0.9922925 ]
   [-0.30713263 -0.17011286  0.33476573 ... -1.0257457   0.0789258
     0.34700808]
   [-0.3154898  -0.43563992 -0.45548382 ... -0.30301324  0.04635951
     1.006337  ]]

  [[-0.02450264 -0.00600715  0.775963   ...  0.46384585  1.1810985
    -0.68616   ]
   [ 0.26414132 -0.35023755 -0.43875897 ...  0.24291757 -0.64974564
     0.6577063 ]
   [-0.37333408 -0.30048424  0.4260899  ...  0.04749637 -0.49758703
    -0.4415463 ]
   ...
   [-0.23011881 -0.7750854  -0.08381899 ...  0.5339269   0.11743495
    -0.2793569 ]
   [-0.10778433 -0.3612268   0.30655733 ...  1.2741416  -0.4541932
     0.00559665]
   [-0.3539726  -0.4801252  -0.40438858 ...  1.9458061   0.84675825
     0.0677878 ]]

  [[-0.42063382  0.02484882  0.73551255 ...  0.13471355 -1.0390508
    -1.3344929 ]
   [ 0.09359393  0.38788807 -0.27349377 ... -0.4398396   0.5556678
    -0.37558094]
   [-0.11999954  0.11682135 -0.2866561  ...  0.32831547 -0.49574423
     0.22308953]
   ...
   [ 0.24038127 -0.877763    0.14259969 ... -1.4061453   0.6420369
     0.36039138]
   [ 0.14345026  0.27219534  0.6733072  ...  0.4290878  -1.2809894
     0.7687764 ]
   [ 0.7631298  -0.09815652  0.04560488 ...  0.89209753  0.6285432
     0.22669262]]]]
step in 48589.83 ms, using 9.80 GB
latent:  0.0
latent:  0.0
latent:  8.35376
[[[[-1.51352743e-02 -1.81658581e-01  5.15373424e-03 ...  3.69390696e-02
    -2.51242131e-01 -6.00489676e-01]
   [ 1.19213201e-01  5.19222796e-01  2.67412931e-01 ... -4.05051485e-02
     3.77133697e-01  2.32905254e-01]
   [ 2.72843152e-01 -1.38677076e-01  1.06873679e+00 ...  1.82401121e-01
     3.68794240e-02  5.18667400e-01]
   ...
   [ 5.25367968e-02 -4.13931608e-01 -2.63736814e-01 ... -9.51877236e-01
     4.27958220e-02  2.19261587e-01]
   [-4.00031298e-01 -1.77037239e-01 -1.49961978e-01 ...  4.62216616e-01
    -6.29777968e-01 -9.71366018e-02]
   [ 3.62161100e-01 -2.92691626e-02 -1.35827884e-01 ...  2.50626206e-01
    -2.14068741e-01 -1.25085250e-01]]

  [[ 7.92159677e-01  5.92071533e-01  8.60900283e-01 ...  5.30980416e-02
    -5.41430473e-01 -4.22494024e-01]
   [ 4.70204741e-01  3.93788993e-01 -2.06460491e-01 ...  2.28800833e-01
    -1.17355868e-01  6.13423251e-02]
   [-1.44210890e-01  6.83314085e-01  1.77034318e-01 ... -6.90790713e-01
    -5.40745184e-02 -4.80862558e-01]
   ...
   [-2.86668777e-01 -2.79746950e-01 -1.85757533e-01 ...  2.92600811e-01
    -2.88950980e-01  6.25122130e-01]
   [-2.11770788e-01 -8.48313645e-02  2.92320728e-01 ... -9.37847853e-01
    -5.14722206e-02  3.85894746e-01]
   [-1.98771775e-01 -3.15067679e-01 -3.91641229e-01 ... -2.46133223e-01
    -1.42280564e-01  6.38949811e-01]]

  [[-1.60160884e-01 -5.44050485e-02  5.00620067e-01 ...  2.75908589e-01
     6.57125115e-01 -5.37940860e-01]
   [ 2.98407614e-01 -1.45926982e-01 -2.55842894e-01 ...  1.69914797e-01
    -3.09479326e-01  4.47627544e-01]
   [-2.50823081e-01 -1.66965932e-01  2.90608883e-01 ...  1.05249077e-01
    -3.52495730e-01 -2.52525061e-01]
   ...
   [-2.23151281e-01 -6.21870399e-01 -2.75088876e-01 ...  4.41131264e-01
     3.04723680e-01 -7.28879077e-03]
   [-2.70708978e-01 -4.43913490e-01  2.29566634e-01 ...  1.09647632e+00
    -1.76421940e-01 -4.07268479e-02]
   [-1.08217455e-01 -4.47797239e-01 -5.01804948e-01 ...  1.73523962e+00
     8.54906738e-01  1.71839312e-01]]

  [[-2.08630279e-01  2.00213771e-02  4.39324498e-01 ...  2.16950834e-01
    -5.13321280e-01 -8.74404907e-01]
   [ 3.77434231e-02  2.02209696e-01 -1.91018671e-01 ... -2.12514475e-01
     2.92082578e-01 -5.74176647e-02]
   [-1.74932197e-01  1.60319498e-03  1.51587605e-01 ...  1.31814912e-01
    -4.50739592e-01  9.12536755e-02]
   ...
   [ 1.41749293e-01 -5.76481640e-01  8.98176655e-02 ... -9.25708473e-01
     5.15371919e-01  3.22580457e-01]
   [-8.34119320e-02  2.65241534e-01  5.14462709e-01 ...  4.46752518e-01
    -8.68912876e-01  4.49079722e-01]
   [ 6.90334499e-01 -1.57602027e-01  4.93836887e-02 ...  7.86986172e-01
     4.80130553e-01  1.91945270e-01]]]]
step in 43087.17 ms, using 9.80 GB
latent:  0.0
latent:  0.0
latent:  8.361388
[[[[-1.12312036e-02 -1.77167892e-01  1.17568737e-02 ...  3.74945514e-02
    -2.55802125e-01 -6.02589488e-01]
   [ 1.25070781e-01  5.23655057e-01  2.63200700e-01 ... -4.53783683e-02
     3.72408569e-01  2.31072173e-01]
   [ 2.77134061e-01 -1.38269484e-01  1.05253434e+00 ...  1.91475853e-01
     3.30861621e-02  5.15400946e-01]
   ...
   [ 6.61506876e-02 -4.12251145e-01 -2.49311313e-01 ... -9.65123951e-01
     3.46106999e-02  2.12541863e-01]
   [-3.87201697e-01 -1.75724432e-01 -1.33931622e-01 ...  4.59741414e-01
    -6.32410884e-01 -9.35816988e-02]
   [ 3.59971732e-01 -2.35486999e-02 -1.32510677e-01 ...  2.50286430e-01
    -2.03531474e-01 -1.14664115e-01]]

  [[ 7.88395822e-01  5.93001604e-01  8.51126492e-01 ...  5.55463620e-02
    -5.37016332e-01 -4.16433960e-01]
   [ 4.65105534e-01  3.95129502e-01 -2.03280464e-01 ...  2.21514508e-01
    -1.12700500e-01  4.71398160e-02]
   [-1.36904433e-01  6.71449780e-01  1.74299195e-01 ... -6.82760894e-01
    -6.00191578e-02 -4.74071413e-01]
   ...
   [-2.82684326e-01 -2.73213029e-01 -1.87158957e-01 ...  2.84978300e-01
    -2.87709504e-01  6.15012527e-01]
   [-2.01104075e-01 -7.83078372e-02  2.97878951e-01 ... -9.40874696e-01
    -5.53824008e-02  3.90970796e-01]
   [-1.90935656e-01 -3.10191274e-01 -3.89282852e-01 ... -2.41921231e-01
    -1.47960633e-01  6.31136179e-01]]

  [[-1.65689677e-01 -5.36673777e-02  4.94224161e-01 ...  2.70276576e-01
     6.36005402e-01 -5.31584978e-01]
   [ 3.03362846e-01 -1.37838274e-01 -2.51569241e-01 ...  1.67277038e-01
    -2.97974944e-01  4.38148469e-01]
   [-2.46435106e-01 -1.67464167e-01  2.84124196e-01 ...  1.10588305e-01
    -3.47521931e-01 -2.47139975e-01]
   ...
   [-2.17107043e-01 -6.13654256e-01 -2.81900555e-01 ...  4.36062545e-01
     3.05323482e-01 -5.13576902e-04]
   [-2.75047660e-01 -4.49482918e-01  2.29718268e-01 ...  1.09433842e+00
    -1.66526288e-01 -3.89340669e-02]
   [-9.85175669e-02 -4.44849312e-01 -5.01363218e-01 ...  1.73856115e+00
     8.54611397e-01  1.74838081e-01]]

  [[-2.06751511e-01  2.07405053e-02  4.29883987e-01 ...  2.23227933e-01
    -4.93135154e-01 -8.58299851e-01]
   [ 3.23376879e-02  1.95503041e-01 -1.89768642e-01 ... -1.99323490e-01
     2.82649577e-01 -5.05741499e-02]
   [-1.80097848e-01 -6.16849121e-03  1.70946881e-01 ...  1.24846555e-01
    -4.54733759e-01  8.38319585e-02]
   ...
   [ 1.30693808e-01 -5.74814141e-01  9.53481495e-02 ... -9.07401562e-01
     5.17990410e-01  3.22500855e-01]
   [-9.79656875e-02  2.63961792e-01  5.03130198e-01 ...  4.46113467e-01
    -8.55664432e-01  4.38961864e-01]
   [ 6.89205885e-01 -1.77804619e-01  5.36039323e-02 ...  7.81112254e-01
     4.71810639e-01  1.88640192e-01]]]]
step in 39713.23 ms, using 9.80 GB
decode debug conv_in -25.486084 18.04867
decode debug mid -43.81324 75.001816
decode (1, 512, 64, 64)
decode debug block -52.589706 41.754135
decode debug upsample -309.5163 138.352
decode (1, 512, 128, 128)
decode debug block -359.46783 154.9952
decode debug upsample -1069.6958 832.8135
decode (1, 512, 256, 256)
decode debug block -947.84454 340.36108
decode debug upsample -2745.9768 1917.4066
decode (1, 256, 512, 512)
decode debug block -7842.9536 5748.804
decode debug conv_out -1.0337638 0.67387605
